100
45.72 10.21
69.21 64.21
37.15 57.82
74.83 60.31
68.03 87.29
18.68 38.9
34.88 45.96
25.65 28.76
82.5 88.28
13.29 63.35
27.11 71.61
93.19 92.66
92.56 61.02
63.8 91.32
76.5 9.86
13.34 43.53
39.04 20.69
76.29 99.74
73.6 97.29
32.33 0.46
29.47 31.26
57.75 93.12
61.3 96.06
71.97 12.85
15.94 8.99
28.5 54.36
86.01 3.92
80.27 41.45
58.25 82.89
4.29 59.56
87.34 26.44
62.64 31.06
81.59 45.35
26.72 38.48
83.61 50.78
97.16 75.54
18.49 57.73
36.13 74.51
81.37 84.53
43.73 31.2
32.15 79.87
2.13 91.82
27.66 38.76
28.76 0.12
76.2 44.36
37.04 84.65
93.88 75.39
55.3 3.83
78.85 48.92
6.38 40.28
27.33 69.91
44.9 30.47
10.1 0.99
12.75 73.63
9.77 36.03
30.0 16.93
3.9 51.98
91.23 69.88
25.08 33.96
0.12 61.97
33.31 13.23
31.06 34.19
51.64 35.04
49.75 97.97
44.13 98.72
47.51 62.64
64.78 49.56
85.23 88.46
55.55 91.79
29.19 72.97
75.79 30.62
82.52 4.18
32.0 69.41
3.02 64.96
78.1 94.25
24.47 73.95
10.81 34.1
23.57 53.41
78.76 22.73
44.77 6.66
81.16 9.1
87.05 5.59
9.1 16.25
91.08 91.33
49.74 27.63
4.3 10.75
7.91 33.13
17.08 4.96
43.9 52.26
61.55 42.0
68.85 70.88
78.61 66.78
21.4 63.55
35.57 85.46
76.73 14.47
64.43 16.22
35.11 62.85
34.44 15.61
38.73 40.46
65.41 45.92
