1000
65.51 26.63
86.28 95.13
28.82 93.85
97.2 10.84
27.73 73.28
77.28 27.41
60.66 12.15
4.4 15.89
35.11 42.85
32.95 30.76
77.94 58.39
81.75 70.78
64.86 49.2
96.6 12.42
58.41 41.54
5.67 97.72
99.18 11.47
40.93 90.16
16.86 46.47
8.4 8.15
70.2 33.63
1.39 0.71
58.96 88.66
81.68 67.02
8.6 34.19
42.33 56.64
79.37 69.32
20.98 88.29
9.07 10.57
4.4 23.98
87.25 69.53
72.16 64.71
23.31 88.87
18.79 82.15
3.96 94.31
28.1 12.2
95.99 97.57
29.03 13.81
34.46 87.65
62.19 70.5
69.78 93.72
44.87 85.65
45.83 3.18
32.91 40.06
15.64 42.01
32.02 48.2
67.18 18.64
78.68 70.19
46.09 62.07
60.37 41.11
67.23 90.28
67.73 26.25
70.16 64.08
63.81 76.59
69.03 55.15
29.37 28.49
78.89 30.34
40.54 45.15
18.25 6.1
64.94 18.04
63.45 79.59
28.32 45.88
94.98 2.32
0.79 69.95
17.4 91.29
90.7 80.1
39.26 38.09
72.58 33.47
66.77 11.81
97.73 5.76
26.8 14.69
42.68 65.87
46.92 79.98
35.15 49.06
40.74 18.55
77.87 71.88
9.34 7.83
75.22 55.66
77.41 14.89
57.21 87.49
54.96 21.65
55.74 91.95
72.14 8.76
60.24 56.65
12.17 13.88
2.89 38.2
34.32 38.04
85.13 75.5
21.27 54.72
12.52 47.18
63.86 76.41
62.62 70.83
16.69 85.3
49.57 63.73
12.01 75.9
99.59 91.24
6.53 64.98
88.52 69.65
24.59 55.32
46.44 48.7
57.81 85.46
64.54 67.64
34.59 73.49
5.74 60.61
28.37 3.42
29.58 28.31
12.68 79.69
84.49 24.61
3.66 11.21
63.0 54.77
36.07 83.39
3.59 57.81
45.43 9.76
91.0 3.67
17.33 29.2
32.38 69.57
98.42 48.15
80.77 94.61
99.77 66.87
81.5 38.66
99.59 11.31
80.8 96.01
12.06 47.46
87.48 15.6
82.8 72.85
78.2 18.13
95.55 38.83
50.31 84.37
2.95 50.13
63.42 74.53
2.19 59.45
21.9 41.97
24.14 26.07
11.55 6.56
75.01 83.69
57.05 19.55
95.66 50.65
16.3 16.88
44.11 10.26
58.73 19.5
88.21 69.6
88.01 54.27
19.87 66.52
18.91 95.81
24.05 36.29
24.69 18.08
71.99 98.94
80.01 53.46
12.73 15.43
33.09 82.14
69.0 25.96
46.67 54.98
44.23 55.71
83.07 37.34
21.13 33.29
22.66 59.15
1.84 93.21
36.99 12.23
21.5 45.85
69.25 66.24
64.64 52.25
17.94 38.47
30.29 75.04
11.91 51.01
92.72 65.79
94.37 72.05
3.6 14.46
95.9 35.63
5.29 42.07
10.87 96.33
91.01 40.0
65.67 33.68
59.37 24.11
38.71 93.92
42.32 43.54
13.22 47.95
53.29 23.04
65.95 86.89
24.76 79.15
45.69 64.29
23.38 3.82
90.19 32.68
40.71 73.01
49.3 82.53
60.95 65.08
74.24 19.58
9.72 53.83
81.38 23.66
51.5 94.25
53.08 98.61
5.05 78.09
81.77 100.0
63.29 67.09
87.48 84.66
25.83 13.26
75.41 70.74
83.02 78.74
91.28 39.39
4.48 33.82
66.78 58.43
58.97 26.8
4.02 0.03
86.23 61.43
46.21 11.03
14.38 68.73
41.76 56.65
8.04 18.57
7.9 80.6
11.42 17.01
67.87 90.55
21.86 99.03
45.64 47.16
66.47 53.48
82.54 21.91
70.88 29.82
9.06 67.04
29.7 79.03
91.43 21.23
2.32 71.35
68.83 67.4
1.06 95.63
50.47 20.24
54.42 92.81
47.54 20.7
71.64 85.88
10.36 52.65
1.16 16.45
65.16 2.24
78.45 38.1
35.0 26.53
62.91 81.7
48.02 22.07
0.13 38.05
11.86 52.82
15.21 85.69
75.6 43.61
4.19 20.75
44.24 94.01
70.48 90.52
47.85 86.57
3.35 88.44
69.37 71.14
13.66 45.02
88.27 67.93
49.88 47.73
19.36 59.79
13.33 33.91
96.02 7.72
57.13 97.62
83.08 70.36
2.01 19.03
86.81 33.3
5.9 77.96
78.64 12.23
33.99 49.5
55.13 28.66
38.97 67.83
89.69 38.42
3.74 14.96
73.71 70.84
42.36 20.14
51.73 82.51
91.97 43.89
70.05 64.12
29.78 92.77
77.82 49.89
74.97 99.94
38.82 30.39
41.3 74.88
87.2 31.06
97.58 39.64
8.38 59.82
77.97 96.01
8.34 64.44
68.22 27.29
80.85 14.2
32.02 88.16
36.47 82.87
7.61 48.36
42.03 90.65
34.3 39.23
54.87 16.17
86.0 13.64
38.99 11.54
1.31 21.06
86.71 13.16
14.42 49.73
8.41 48.28
21.18 7.89
85.39 1.08
92.86 71.61
87.03 98.47
36.24 96.13
82.83 31.36
7.39 21.35
6.1 62.08
65.86 85.62
94.27 15.13
39.57 80.34
82.44 25.77
96.97 78.43
40.31 74.68
74.89 77.05
60.86 93.68
71.1 5.54
51.11 22.65
90.71 45.75
3.62 2.82
73.33 37.45
49.86 67.53
4.79 12.86
87.11 80.91
22.14 3.32
96.55 40.62
91.68 37.7
30.37 5.15
79.63 90.16
48.95 49.24
52.46 89.69
18.38 16.91
86.07 50.37
69.11 55.64
7.06 93.81
60.44 88.0
36.96 60.44
37.62 50.97
52.54 54.93
35.02 32.74
71.59 33.27
73.46 47.26
3.0 79.43
32.91 66.09
41.1 41.62
33.35 78.28
78.56 34.68
33.53 48.48
79.52 99.52
89.49 15.39
48.06 97.99
97.81 3.53
54.77 98.06
89.72 68.76
19.08 51.6
3.43 90.03
29.61 89.42
74.06 39.48
43.07 69.29
8.92 65.91
3.13 61.07
75.6 61.17
93.0 48.22
60.95 30.58
41.19 75.47
4.26 82.61
86.8 51.89
26.15 6.27
30.48 97.51
56.71 14.94
58.07 72.7
62.84 5.48
74.54 80.97
41.85 75.28
46.19 64.5
95.44 66.66
26.81 80.28
86.16 95.69
41.62 1.81
32.31 68.3
22.9 72.92
83.69 3.83
45.05 5.6
84.66 44.97
58.6 38.49
32.98 37.98
2.0 14.12
56.25 94.45
43.75 12.67
89.61 61.49
39.16 62.76
39.66 78.99
45.38 91.11
10.42 9.8
18.53 5.64
36.06 76.39
39.74 61.88
54.64 72.34
43.08 46.04
17.33 49.71
81.47 74.75
8.58 56.39
72.75 84.08
22.35 13.91
72.15 73.67
95.63 98.41
11.96 53.04
85.99 91.57
14.73 68.84
58.57 10.36
52.09 15.8
74.54 86.15
75.01 89.58
66.61 83.46
25.18 56.01
43.13 79.15
45.68 74.98
23.5 43.03
59.63 52.92
74.76 65.09
0.91 9.68
89.6 69.61
76.13 6.6
40.91 48.13
36.24 33.33
22.01 91.9
92.72 71.01
90.21 96.95
5.55 50.72
63.7 92.93
31.71 75.14
33.33 46.83
62.23 38.19
8.89 12.56
19.14 48.71
91.7 52.25
45.82 16.49
61.34 67.02
4.09 81.7
13.24 30.15
56.77 70.35
83.73 44.63
8.73 7.2
32.19 11.93
82.21 98.99
26.83 86.57
83.21 3.31
84.17 87.68
36.64 1.42
78.92 76.69
24.67 76.24
10.26 74.12
32.08 86.76
9.52 87.29
79.77 28.01
46.04 70.5
99.1 16.81
70.81 92.48
57.65 65.23
89.71 68.37
96.32 41.68
82.85 10.95
38.47 26.6
8.52 55.2
51.93 77.94
68.47 81.86
0.49 51.16
48.05 40.35
76.6 84.74
78.6 67.95
86.14 54.34
74.04 80.81
37.36 69.02
91.5 14.08
4.81 63.75
29.38 26.26
57.36 41.65
46.17 74.47
50.42 82.62
9.31 6.95
52.07 6.91
10.59 96.69
22.64 20.93
55.42 93.08
44.88 82.69
87.38 76.53
69.62 32.96
67.29 68.26
20.72 47.8
42.57 6.32
96.45 68.7
75.43 89.49
9.08 79.03
26.75 94.34
73.81 52.02
39.49 72.32
26.25 34.12
28.27 69.12
92.99 61.04
6.0 55.6
94.7 82.35
42.51 59.82
16.69 83.09
19.65 71.1
25.56 60.56
63.74 71.37
92.0 41.78
85.69 84.13
72.01 69.23
32.44 73.64
80.58 56.89
8.47 59.59
13.06 63.68
4.96 93.04
91.92 82.84
52.11 38.21
21.82 99.26
52.93 88.93
12.02 11.96
54.59 33.16
83.8 34.7
53.45 21.42
27.67 36.25
79.8 51.75
65.85 5.21
85.13 94.93
59.02 59.46
12.3 75.85
68.76 28.05
19.18 20.31
68.51 76.79
97.38 1.94
24.0 52.61
74.67 30.27
10.62 16.09
95.24 67.64
6.75 71.45
45.31 8.36
56.53 83.22
13.2 20.19
57.63 22.36
6.39 4.0
50.59 89.76
29.13 22.28
17.41 85.9
41.57 18.94
5.1 93.39
17.73 78.93
81.78 54.97
12.66 98.42
3.47 81.8
43.05 64.13
53.07 6.36
42.68 81.46
45.65 70.02
76.34 68.94
85.57 97.7
77.63 26.72
84.88 31.04
78.97 84.19
28.81 51.72
44.14 9.8
32.25 56.24
27.97 98.84
0.47 4.39
72.92 20.9
30.83 83.9
83.59 79.31
59.65 23.42
37.26 2.58
72.63 22.92
52.02 17.11
36.8 16.44
48.19 3.97
35.21 57.51
9.63 99.28
85.56 44.23
98.97 20.78
38.6 33.68
5.81 19.57
56.95 88.45
42.59 30.29
2.58 94.27
79.59 19.95
22.97 23.95
78.65 60.09
26.43 86.68
57.51 45.23
54.78 15.0
31.7 97.29
57.59 47.24
47.24 92.23
11.05 5.97
70.36 1.45
71.09 18.96
81.5 45.75
6.31 4.34
0.12 6.82
28.39 43.29
88.12 23.46
55.99 53.06
26.54 63.55
45.88 77.62
31.01 34.09
54.26 99.96
44.79 15.88
41.72 88.21
73.45 42.71
40.55 89.78
83.36 98.63
15.75 46.96
45.61 94.34
70.83 29.42
79.73 71.84
31.5 58.85
17.52 37.29
37.5 25.99
73.12 77.98
99.69 80.71
20.59 83.75
51.91 62.07
93.55 87.57
23.16 6.9
0.18 43.05
60.09 51.13
19.6 67.93
2.46 55.56
92.61 62.93
83.89 56.55
20.03 53.89
86.19 38.85
42.71 13.69
2.66 25.47
71.33 8.74
47.32 37.55
3.01 65.58
8.4 98.96
88.39 0.32
30.63 5.64
43.77 22.48
28.69 13.08
64.73 6.25
42.93 73.18
47.65 63.56
30.96 0.4
33.35 13.54
19.91 24.91
9.57 19.54
93.03 90.57
24.28 71.84
18.63 95.93
30.42 85.48
94.0 1.7
59.39 97.75
82.97 16.47
99.42 55.39
85.27 70.08
52.81 34.05
19.52 41.36
71.44 38.51
58.92 64.72
89.43 14.22
80.91 33.08
64.9 76.89
82.02 6.78
30.0 47.55
56.93 46.72
77.28 34.58
53.54 35.42
2.65 49.8
4.98 27.68
64.49 63.66
75.7 46.89
15.9 66.78
14.14 93.44
45.27 68.09
29.29 89.84
18.19 86.33
92.66 64.74
79.99 84.58
41.26 90.61
94.55 45.02
16.56 95.57
41.07 38.48
33.18 24.96
80.19 43.72
48.31 81.21
35.73 48.55
20.49 41.26
31.5 7.97
87.64 52.7
3.15 60.13
20.37 1.84
34.37 74.44
2.49 39.93
79.1 70.45
3.99 82.11
48.39 35.17
63.48 3.61
20.05 34.16
30.37 54.91
3.93 75.19
42.74 80.29
69.11 19.63
19.13 10.66
30.75 41.01
69.02 26.42
8.52 49.27
5.21 12.61
45.21 95.41
30.82 76.36
97.83 91.94
97.29 84.17
18.04 31.02
70.6 92.27
58.96 48.17
25.3 47.2
58.28 46.52
67.7 65.85
2.41 58.68
83.35 54.5
62.09 50.09
96.5 56.91
68.6 84.56
42.68 84.49
88.98 33.64
87.66 12.22
91.53 40.16
54.55 34.21
85.9 36.08
76.37 84.92
69.67 7.39
24.06 98.77
58.73 46.79
34.94 30.88
69.02 59.18
38.93 60.3
40.23 97.14
13.18 30.18
28.79 90.71
71.5 15.83
3.9 95.3
99.64 59.14
98.16 43.66
41.88 77.7
31.01 51.24
66.79 80.51
50.41 17.61
0.73 21.32
90.83 55.1
57.04 62.42
64.89 24.58
42.91 7.43
29.19 76.45
6.38 48.07
39.51 29.41
91.12 1.47
46.99 86.73
58.55 81.93
40.31 79.74
12.21 16.12
91.14 83.89
13.28 50.43
83.53 16.84
87.58 1.42
82.14 67.42
4.96 19.02
13.02 50.38
42.87 70.42
24.24 72.62
92.73 51.72
68.8 89.38
47.83 68.16
5.71 31.03
66.35 81.73
0.16 93.22
85.91 11.84
31.34 65.42
98.7 14.6
79.25 63.97
14.2 15.02
22.36 31.54
93.02 21.88
46.15 80.78
60.91 74.25
28.56 65.72
70.23 60.47
60.13 89.6
25.57 62.59
44.43 15.81
52.63 53.32
53.52 14.87
58.49 15.51
1.52 14.42
49.46 47.5
74.91 98.52
4.83 83.97
15.39 90.24
11.77 55.36
65.6 8.56
11.37 43.12
92.1 48.43
7.38 94.99
0.24 71.57
95.38 45.61
57.35 2.32
50.19 24.26
45.27 18.82
43.17 78.36
82.73 6.11
65.37 33.33
95.35 89.79
58.26 6.8
11.06 35.8
88.93 54.07
84.66 70.44
62.73 54.36
55.11 51.28
27.66 0.76
27.01 51.76
87.58 51.49
65.88 82.73
97.56 15.56
2.24 15.89
73.76 86.57
83.73 24.6
77.62 66.03
74.4 88.05
37.53 26.02
61.24 72.05
88.83 75.72
40.02 9.02
32.54 68.45
0.74 65.36
62.13 56.0
2.38 4.07
63.94 75.25
48.65 69.62
40.73 53.89
27.49 97.9
8.68 84.43
57.38 0.2
45.05 62.3
71.84 69.42
84.89 52.5
60.93 27.01
4.51 30.85
61.28 24.32
54.54 81.11
59.32 98.8
93.5 40.96
84.62 59.44
39.03 79.86
89.32 60.83
60.67 90.44
82.03 61.94
12.66 7.38
10.1 83.07
29.31 7.25
81.04 8.95
99.94 92.16
68.12 24.14
84.5 90.29
16.24 66.83
74.66 56.5
57.01 88.37
60.02 55.01
68.86 25.62
5.7 3.09
75.19 54.26
85.3 8.57
29.05 1.37
8.87 36.6
67.39 38.41
18.42 31.71
94.82 51.99
14.4 24.95
49.91 71.71
37.15 12.0
3.91 55.58
51.36 22.87
37.37 25.42
61.89 86.01
5.07 17.98
28.14 95.72
43.69 45.81
7.29 75.72
91.9 38.24
25.17 51.25
64.85 94.68
39.09 45.8
16.45 89.94
48.7 56.71
69.15 27.67
92.9 48.9
11.37 96.7
31.19 98.9
96.09 19.94
2.69 84.28
93.03 2.56
85.17 72.5
57.97 45.5
54.19 34.61
37.27 85.85
80.78 22.99
66.68 23.63
82.77 60.39
53.73 54.83
34.71 85.12
21.11 6.66
62.9 64.26
51.7 62.21
15.65 58.06
44.37 9.23
45.74 77.72
95.76 95.8
5.38 28.31
23.38 73.69
86.53 7.2
36.9 67.26
36.62 59.15
24.91 53.79
67.34 85.17
64.18 90.9
28.37 5.34
28.2 24.75
5.85 55.6
24.09 11.58
14.55 69.23
33.28 26.34
62.64 22.67
40.82 39.86
31.2 53.96
96.56 40.11
61.64 60.9
61.77 2.25
60.9 81.99
3.15 57.62
96.51 51.22
72.53 79.93
38.07 74.48
56.05 62.17
46.45 17.58
39.69 69.05
10.03 64.18
62.93 55.98
85.89 77.85
71.19 54.35
48.16 93.34
85.55 82.75
14.32 4.23
44.21 47.24
67.69 6.24
38.81 16.24
51.08 1.49
33.44 87.69
91.49 67.02
50.15 32.58
36.55 38.84
73.69 63.09
90.63 4.33
15.06 93.52
69.99 85.95
34.85 18.22
1.39 95.51
16.63 13.45
71.47 42.69
27.37 34.8
1.16 66.48
79.61 35.36
86.82 74.28
94.71 24.32
8.77 7.08
38.81 14.41
94.92 91.78
88.57 47.14
62.23 95.62
51.88 19.22
82.51 74.04
86.48 85.4
91.15 46.8
18.97 23.29
54.92 99.34
35.35 82.77
29.78 48.05
37.79 37.86
70.88 38.15
63.65 15.53
62.03 56.23
45.05 86.17
27.87 83.45
6.12 72.47
97.27 31.68
55.8 91.54
15.01 29.57
4.48 61.93
5.73 14.81
59.56 40.92
59.18 80.98
54.13 4.39
35.5 20.35
50.16 17.0
66.02 36.32
86.67 12.81
58.54 68.1
49.55 35.01
31.86 22.05
53.31 16.44
72.79 47.86
5.56 30.48
76.67 82.53
88.5 12.86
